9780131103627
9780132350884
9780134685991
9780201616224
9780134494166
9780134757599
9780135974445
9780136083252
9780134093413
9781491950296
9781492078005
9780137071906
9780137081073
9780133594140
9780131177055
9780137903955
9780131429017
9780131872486
9780262033848
9780262035613
9780262046305
9780133970777
9780133985078
9780132126953
9780131101630
9780133995374
9780133591620
9780134610993
9780134997834
9780134706054
9780135166307
9781492056355
9781491903995
9781491910399
9781491939369
9781491950357
9781491957660
9781491985571
9781492045526
9781492071266
9781449365035
9781449331818
9781449319793
9781449373320
9781449392772
9781449340377
9781449355739
9781449369415
9781449389550
9781449358549
9780596007126
9780596517748
9780596805524
9780596000271
9780596009205
9780596004651
9780596527747
9780596529321
9780596101015
9780321127426
9780321356680
9780321125217
9780321146533
9780321573513
9780321714114
9780321774095
9780321751041
9780321832054
9780321349606
9780321486813
9780201633610
9780201485677
9780201558029
9780133406955
9780133053036
9780133609653
9780134034287
9780134052502
9780134434421
9780134464572
9780134529950
9780132354790
9780262038003
9780262045711
9780261102217
9780261103573
9780261102361
9780439708180
9780439064873
9780439139601
9780545010221
9780547928227
9780547928203
9780307277671
9780451524935
9780141439518
9780140449136
9780141439600
9780140449266
9780140283334
9780143039433
9780140187397
9780143127741
9780061120084
9780060850524
9780062316110
9780062457714
9780062301239
9780062315007
9781455586691
9781501124020
9780307887894
9781451648539
9780747532699
9780747538493
9780553386790
9780553212419
9780307743657
9780307743664
9780307474278
9780307476463
9780307588371
9780316769488
9780316015847
9780060935467
9780060838679
9780060883280
9780060915544
9780140439083
9780141439471
9780141439563
9780140449181
9780140449198
9780140449242
9780140449273
9780140186406
9780140449143
9780553213102
9780553380163
9780679783268
9780679720201
9780679732761
9780743273565
9780743273572
9780743273589
9780316769174
9780316769488
9780452284234
9780452284241
9780141439556
9780140449303
9780140449334
9780140449327
9780141439990
9780141441146
9780141439587
9780141441238
9780141441146
